1|PQV|4|115|125|133|143|214|223|232|243|311||||411||||False|True|True|False|False
1|PQV|3|114|125|133|143|214|222|232|243|311||||411||||False|True|True|False|False
1|PQV|1|113|124|133|143|214|222|232|243|311||||411||||False|True|True|False|False
2|PQM|4|115|125|133|143|214|223|232|243|311||||411||||False|True|True|False|False
2|PQM|3|114|125|133|143|214|222|232|243|311||||411||||False|True|True|False|False
2|PQM|1|113|124|133|143|214|222|232|243|311||||411||||False|True|True|False|False
3|CU|4|115|125|133|143|214|223|232|243|311||||411||||False|True|True|False|False
3|CU|3|114|125|133|143|214|222|232|243|311||||411||||False|True|True|False|False
3|CU|1|113|124|133|143|214|222|232|243|311||||411||||False|True|True|False|False
4|P+U|4|115|125|133|143|214|223|232|243|311||||411||||False|True|True|False|False
4|P+U|3|114|125|133|143|214|222|232|243|311||||411||||False|True|True|False|False
4|P+U|1|113|124|133|143|214|222|232|243|311||||411||||False|True|True|False|False
5|AP|4|115|125|135|143|214|224|235|243|312|323|334|343|413|424|434|443|True|True|True|True|True
5|AP|3|114|125|134|143|214|223|234|243|312|323|334|343|413|423|434|443|True|True|True|False|False
5|AP|1|113|124|132|143|214|223|233|243|312|322|334|343|412|422|434|443|True|True|True|False|False
6|DP|4|115|125|135|143|214|224|235|243|312|323|334|343|411||||True|True|True|True|True
6|DP|3|114|125|134|143|214|223|234|243|312|323|334|343|411||||True|True|True|False|False
6|DP|1|113|124|132|143|214|223|233|243|312|322|334|343|411||||True|True|True|False|False
7|MZ|4|115|125|135|143|214|224|235|243|312|323|334|343|411||||True|True|True|True|True
7|MZ|3|114|125|134|143|214|223|234|243|312|323|334|343|411||||True|True|True|False|False
7|MZ|1|113|124|132|143|214|223|233|243|312|322|334|343|411||||True|True|True|False|False
8|LC|4|115|125|135|143|214|224|235|243|312|323|334|343|411||||True|True|True|True|True
8|LC|3|114|125|134|143|214|223|234|243|312|323|334|343|411||||True|True|True|False|False
8|LC|1|113|124|132|143|214|223|233|243|312|322|334|343|411||||True|True|True|False|False
9|BG|4|115|125|135|143|214|222|232|243|312|323|333|342|411||||True|True|True|True|True
9|BG|3|114|125|134|143|214|222|232|243|312|323|333|342|411||||True|True|True|False|False
9|BG|1|113|124|132|143|214|222|232|243|312|322|333|342|411||||True|True|True|False|False
